Obs SO2 TEMP FAB POP VENTO CHUVA DIASCHUVA
1 10 70,30 213 582 6,00 7,05 36
2 13 61,00 91 132 8,20 48,52 100
3 12 56,70 453 716 8,70 20,66 67
4 17 51,90 454 515 9,00 12,95 86
5 56 49,10 412 158 9,00 43,37 127
6 36 54,00 80 80 9,00 40,25 114
7 29 57,30 434 757 9,30 38,89 111
8 14 68,40 136 529 8,80 54,47 116
9 10 75,50 207 335 9,00 59,80 128
10 24 61,50 368 497 9,10 48,34 115
11 110 50,60 3344 3369 10,40 34,44 122
12 28 52,30 361 746 9,70 38,74 121
13 17 49,00 104 201 11,20 30,85 103
14 8 56,60 125 277 12,70 30,58 82
15 30 55,60 291 593 8,30 43,11 123
16 9 68,30 204 361 8,40 56,77 113
17 47 55,00 625 905 9,60 41,31 111
18 35 49,90 1064 1513 10,10 30,96 129
19 29 43,50 699 744 10,60 25,94 137
20 14 54,50 381 507 10,00 37,00 99
21 56 55,90 775 622 9,50 35,89 105
22 14 51,50 181 347 10,90 30,18 98
23 11 56,80 46 244 8,90 7,77 58
24 46 47,60 44 116 8,80 33,36 135
25 11 47,10 391 463 12,40 36,11 166
26 23 54,00 462 453 7,10 39,04 132
27 65 49,70 1007 751 10,90 34,99 155
28 26 51,50 266 540 8,60 37,01 134
29 69 54,60 1692 1950 9,60 39,93 115
30 61 50,40 347 520 9,40 36,22 147
31 94 50,00 343 179 10,60 42,75 125
32 10 61,60 337 624 9,20 49,10 105
33 18 59,40 275 448 7,90 46,00 119
34 9 66,20 641 844 10,90 35,94 78
35 10 68,90 721 1233 10,80 48,19 103
36 28 51,00 137 176 8,70 15,17 89
37 31 59,30 96 308 10,60 44,68 116
38 26 57,80 197 299 7,60 42,59 115
39 29 51,10 379 531 9,40 38,79 164
40 31 55,20 35 71 6,50 40,75 148
41 16 45,70 569 717 11,80 29,07 123